KNN
F1_SCORE_MACRO: 0.41868680839964806
ACCURACY: 0.49491525423728816

Random Forest
F1_SCORE_MACRO: 0.45669974886506326
ACCURACY: 0.5570621468926553

MLP
F1_SCORE_MACRO: 0.43166397294651127
ACCURACY: 0.5028248587570622
